1 1848 188 2170 2052 2014
2 1973 1490 302 1700 1722
3 1590 1817 2373 2042 612
4 1295 598 864 1311 370
5 8 1296 1299 1596 1346
6 55 1297 1348 1346 982
7 1298 1457 2481 165 2392
8 5 1299 1296 1346 1596
9 1300 1611 1486 1183 1596
10 1301 1596 1277 1346 1131
11 1303 152 2481 481 1443
12 1304 1359 187 1237 493
13 1305 703 1293 630 1596
14 1592 452 2250 1645 578
15 1306 1019 1596 1277 1568
16 1307 51 1343 166 1459
17 1308 1381 1274 1185 2481
18 1309 1457 1443 152 1407
19 1310 1315 481 1274 1381
20 1311 598 2068 370 864
21 1312 906 1337 909 1455
22 1314 1274 1185 2481 1457
23 1315 1303 2481 481 1310
24 1316 1479 1525 1020 1080
25 1024 1593 1812 466 294
26 1317 1596 1277 1346 1131
27 1318 1470 941 1456 1397
28 1319 1363 71 907 1009
29 1320 936 1156 419 1262
30 1321 50 1342 704 660
31 1322 1596 1636 1277 1346
32 1323 1092 829 1461 529
33 1325 1044 1654 1596 1598
34 1326 1596 1000 1654 1131
35 1327 2286 1080 819 722
36 2014 1594 1964 810 2447
37 2482 1328 1275 1596 1346
38 1329 941 164 105 1456
39 1330 961 1596 1277 1346
40 1331 1457 1408 1596 820
41 1332 999 1596 1277 1346
42 1333 1596 1277 1650 1346
43 1334 1637 1477 1596 1277
44 1337 906 1312 951 909
45 1338 1596 1277 1346 1131
46 1339 1596 1277 1346 1131
47 145 1595 1437 659 2212
48 1340 592 1474 1605 1110
49 1341 1596 1277 1346 1131
50 1342 1321 660 704 783
51 1343 1307 166 1459 16
52 1344 1277 1596 1466 1453
53 1345 834 1103 1596 1539
54 1346 1283 1596 1277 1009
55 6 1348 1297 1346 1596
56 1349 918 1088 1476 772
57 1350 604 545 544 559
58 1596 193 639 1081 1466
59 1351 1034 1031 1234 450
60 1352 1140 1150 321 1653
61 1353 1031 1042 1034 1596
62 1354 1596 1277 1346 1131
63 1355 1596 1277 1346 252
64 1356 1596 1089 1277 1346
65 406 1357 255 267 1596
66 1359 493 449 187 1237
67 1360 1596 1277 1346 1131
68 1361 1596 1277 1346 1131
69 1597 349 103 655 286
70 1362 1596 1277 1346 1131
71 1363 28 1319 907 886
72 1364 1596 1277 1346 1131
73 1365 741 1605 1583 1596
74 1366 1127 1596 1277 1346
75 1367 1596 1277 1346 1131
76 1368 1596 1277 1346 1131
77 500 1370 351 1596 1277
78 1371 79 1372 1128 1596
79 1372 78 1371 1128 933
80 1697 2443 66 2141 493
81 1373 1596 1277 1346 1131
82 1374 1131 1596 1000 1277
83 1375 1596 984 1277 1346
84 1376 1596 1131 1277 1346
85 1377 1346 1596 1617 1260
86 1378 498 1596 1277 974
87 1379 671 1596 1277 1654
88 1381 629 2392 2481 1185
89 1382 1494 517 1467 1596
90 104 1383 1396 986 1553
91 1599 537 2099 2145 32
92 1384 563 272 733 769
93 1385 1596 1277 1346 1131
94 1386 1399 1007 1466 1277
95 1387 1264 645 1346 1596
96 1388 1460 1193 1476 948
97 1389 1475 1596 1277 1346
98 1390 1342 1398 784 1259
99 1392 1131 1277 1399 1596
100 1393 1346 1471 1596 1277
101 1394 1509 1596 1131 1277
102 1600 104 2193 90 1396
103 1395 108 1400 1596 1453
104 90 1396 1383 986 2193
105 1397 1329 1212 941 1456
106 1398 1259 1390 1266 1596
107 1399 1386 1517 1007 1277
108 1400 1395 711 103 1453
109 1401 1467 1166 1596 1277
110 1403 978 1596 1346 1277
111 140 1404 1431 1596 1277
112 1405 1610 1515 1228 1650
113 1691 1492 1839 2040 924
114 1601 2326 2400 2060 1120
115 1406 1596 1277 1346 1131
116 1407 124 1416 1185 1457
117 1408 1457 1416 124 1274
118 1409 1426 1277 1596 1466
119 1410 1261 1543 2467 1428
120 1411 1210 1596 1183 1277
121 1412 1069 1596 1277 1346
122 1414 1596 589 1346 1277
123 1415 1596 1650 1277 1654
124 1416 1407 1274 1185 1443
125 2405 1603 1198 2369 1531
126 1417 467 382 1463 1596
127 1418 1238 555 1260 875
128 1419 961 1106 1596 1606
129 1420 1596 1277 1346 1131
130 1421 1140 1150 1653 1422
131 1422 1470 1016 1476 1461
132 1423 898 2103 1332 999
133 1425 889 892 720 689
134 1426 2484 1466 1277 174
135 1427 1192 721 2398 640
136 1604 341 2408 567 661
137 1428 1543 1410 1596 1261
138 1429 1655 1277 1596 1466
139 1430 1453 1422 1470 1596
140 111 1431 1404 1596 1398
141 1432 715 1160 781 916
142 1433 1596 1277 1346 1131
143 1434 1262 1156 936 640
144 1436 1631 805 1039 1575
145 1437 1595 1148 1152 975
146 1438 1596 1650 741 1277
147 1605 1944 48 741 2404
148 1439 1596 1277 1346 1131
149 1440 1596 1277 1346 1131
150 1441 2499 1293 1305 1196
151 1442 2419 1061 910 632
152 1443 1303 1457 2481 1274
153 1444 427 1453 595 1400
154 1445 325 961 861 1596
155 1448 1596 1277 1346 1131
156 1449 770 1596 1277 1346
157 1450 1208 1596 1277 1346
158 1606 51 128 1343 1419
159 1451 1131 739 1596 1277
160 1452 1623 1618 1596 1277
161 1453 1596 1470 1430 1277
162 1454 1211 1212 1596 1397
163 1455 909 1312 906 951
164 1456 941 1329 1397 1212
165 1457 2481 1443 1274 152
166 1459 1343 1307 51 1596
167 1460 948 1193 1388 1453
168 1461 829 1092 1323 900
169 1607 155 1448 1436 1023
170 1462 1596 1277 1346 1131
171 1463 1596 1277 1346 1131
172 1464 1430 1596 1422 1461
173 1465 1596 1346 1277 1131
174 1466 2484 1277 1596 1386
175 1467 1596 1019 1277 1131
176 1468 1075 1193 921 1427
177 1470 1160 1422 1476 1453
178 1471 1596 1277 1346 1131
179 1472 544 1596 1277 1346
180 1608 2336 2182 2394 1728
181 1473 1274 1185 1314 1443
182 1474 1049 1645 1596 1053
183 1475 212 355 349 1596
184 1476 1160 798 829 921
185 1477 1185 1274 1473 1416
186 1478 733 975 1384 1620
187 1479 1359 1237 449 493
188 964 1596 1346 961 1277
189 1494 1382 1596 1277 1346
190 1231 822 716 1596 1277
191 1609 1602 2184 2112 977
192 832 1637 1043 354 820
193 1596 1277 1128 1346 1131
194 1243 1633 1596 1277 1346
195 1596 1277 1346 1131 1650
196 288 1596 1277 1346 1131
197 776 696 249 572 252
198 864 598 1311 370 1295
199 1277 1596 1131 1346 1650
200 473 1615 1488 1596 1640
201 244 1232 1082 1596 1568
202 602 112 1610 2434 1405
203 1596 1277 1465 1131 1346
204 1277 1596 1466 1346 1131
205 971 729 1596 1015 2176
206 806 976 1400 1596 1655
207 1596 1346 1277 1131 1650
208 1204 1485 1503 1596 1650
209 1596 1277 1466 1131 1346
210 911 1596 1277 1346 1131
211 1596 1232 244 986 1277
212 1475 183 355 1596 1277
213 1825 1611 2042 620 1948
214 1596 1264 1277 1346 1281
215 832 1637 1043 820 354
216 259 673 1412 366 1596
217 1249 1596 961 1277 1346
218 1596 1277 1346 1131 1281
219 1042 1031 1520 1353 1281
220 1596 1277 1346 1131 1650
221 1596 1277 1346 1131 1650
222 1312 909 869 1337 1455
223 1028 1471 1596 1277 1429
224 1493 2347 1956 1141 752
225 1612 1504 1029 1063 1032
226 666 416 1596 610 1277
227 398 1596 1032 1041 1277
228 1148 1596 1277 1346 1131
229 1596 1277 1433 1346 450
230 1596 1277 1346 1131 1650
231 1596 1277 1016 1346 1636
232 256 1028 1475 1596 1477
233 1554 642 1596 1433 1277
234 1104 1596 1128 862 1131
235 394 1596 1277 1346 1131
236 326 282 2326 1614 1743
237 1509 887 1596 976 1277
238 1346 1596 1277 1131 1650
239 1596 1277 1346 1131 1650
240 1556 1596 1353 986 1277
241 1190 374 1038 1124 1596
242 264 1596 1006 1342 1277
243 1596 1277 1131 1346 1650
244 1522 1596 1232 1277 1082
245 1596 1277 1346 1131 1650
246 1596 1131 1277 1346 1650
247 613 1756 1718 1615 1651
248 268 1596 1277 1346 1131
249 252 776 1596 696 1277
250 320 540 605 1596 1277
251 880 445 1617 1596 734
252 1596 1277 1346 1131 1650
253 1596 1456 1397 1212 1277
254 1596 1433 1082 1598 1277
255 267 1357 1596 1012 1131
256 232 1028 1475 1596 1477
257 1596 1346 1277 1131 1650
258 1616 2326 2060 326 1120
259 673 216 1412 1596 1472
260 1596 1427 1192 1277 1346
261 1140 1051 1144 583 719
262 1056 782 2262 1036 1294
263 488 1596 450 1277 1346
264 242 1596 1006 1277 1346
265 438 1596 1346 1277 1131
266 342 1596 1277 1346 1131
267 255 1357 1596 1012 1131
268 1596 442 1277 1346 1131
269 2377 1617 322 1938 298
270 1596 1346 1277 1131 1650
271 1596 1277 1131 1346 1650
272 1384 733 975 1620 563
273 1596 1277 1346 1131 1650
274 359 466 1596 1346 1277
275 509 1596 1430 1277 1346
276 1596 1277 1346 1131 1650
277 736 1596 1346 1277 1281
278 1636 1596 1346 1277 1131
279 1386 1399 1596 1131 1466
280 336 1618 1623 2097 160
281 1596 1636 1277 1346 1433
282 326 1614 855 1120 538
283 1596 1277 1346 1131 1650
284 727 1596 1277 1082 1346
285 1642 1596 1277 1346 1281
286 349 355 183 1475 212
287 359 608 536 466 274
288 196 1596 1277 1346 1131
289 1596 999 1277 1346 1131
290 1006 1596 754 1277 1346
291 1619 1809 2218 605 714
292 1627 1654 1596 1670 1650
293 1596 1277 1346 1131 1650
294 1596 1277 1593 1346 1131
295 332 343 1596 1277 1346
296 1596 1346 1277 1131 1650
297 1346 986 1596 1277 1131
298 1617 1172 734 1596 1009
299 1086 1262 1596 1626 1277
300 1596 1277 1260 1346 1131
301 1596 1277 1346 1131 1650
302 1700 1767 1722 1973 1728
303 1231 822 716 1596 1277
304 1596 1277 1346 1131 1650
305 1632 1596 1346 1277 1131
306 1637 1596 1277 1346 1131
307 645 837 947 252 1085
308 1086 1596 1397 1277 1384
309 1277 1596 1346 1466 1131
310 529 32 829 490 168
311 1596 1277 1346 1131 1650
312 376 1596 1277 1346 1131
313 1621 286 349 183 355
314 1271 1596 1617 1277 322
315 1596 1277 1346 1131 1650
316 340 1051 1246 1283 1279
317 1596 1277 1346 1131 1650
318 745 1596 1131 1012 1277
319 1596 1346 1277 1183 1131
320 250 540 605 1596 1277
321 1140 1150 1653 1500 1144
322 1617 1596 1346 1277 1131
323 1596 1346 1277 1131 1650
324 669 580 680 1622 1648
325 961 861 1596 1617 1277
326 1614 855 1120 1070 1596
327 344 1346 1596 1654 1277
328 1596 1277 1346 1131 1650
329 734 1596 1587 1131 1012
330 1596 1277 1346 1131 1650
331 1596 1598 1346 1277 716
332 343 1596 1277 1650 1346
333 1596 1277 1131 1346 1650
334 827 826 679 1596 1277
335 1821 2367 1494 1435 189
336 280 1618 1623 160 2097
337 611 1652 1596 1453 793
338 1596 1277 1346 1131 1650
339 1596 1277 1346 1131 1650
340 316 1051 2489 1283 1246
341 1596 1277 1346 975 1131
342 266 1596 1277 1346 1131
343 332 1596 1277 1346 1131
344 1596 1346 1650 1277 327
345 1596 1277 1346 1131 1650
346 1596 1277 1131 1346 1650
347 1625 1528 1659 1244 1005
348 961 1106 1596 1277 1346
349 1475 355 1596 183 1277
350 1596 1277 1346 1131 1650
351 1231 1596 1277 1346 1131
352 1596 450 1277 1041 1346
353 1596 1277 1650 1346 1131
354 1637 1043 832 820 1477
355 1475 1596 1277 183 349
356 1596 1277 1346 1131 1650
357 1055 2261 1596 1482 1277
358 2140 2362 1626 2028 29
359 274 536 287 466 1659
360 1212 1596 1650 1323 1277
361 1596 1277 1346 1450 1131
362 1596 1277 1346 1511 1131
363 1012 1000 714 1131 423
364 1577 1596 1277 1346 1131
365 1148 1596 1277 1346 1131
366 259 1596 1472 1277 1346
367 603 1294 1036 1056 1596
368 1089 1052 1596 1277 1346
369 646 1627 1694 292 489
370 864 598 1596 1311 1295
371 1596 1277 1346 1131 1650
372 1596 1277 1346 1131 1650
373 1596 1277 1346 1131 1650
374 1038 241 991 1190 1124
375 1553 1596 1277 986 1346
376 312 1596 1277 1346 1131
377 1596 1277 1346 1131 1650
378 673 259 1412 1596 1277
379 1596 1277 1346 1131 1650
380 2379 1886 1628 1578 683
381 1596 975 1620 1277 1346
382 1417 467 1596 1277 1650
383 1049 1119 568 1596 1277
384 862 1128 878 1596 1260
385 1596 1277 1346 986 1131
386 1596 1277 1346 1131 1650
387 838 2041 1596 1346 1277
388 1596 1277 1346 1131 1650
389 799 1073 1099 1596 1100
390 1596 1277 1650 1346 1131
391 2490 1589 1629 2014 2260
392 1596 1277 1346 1131 1650
393 1281 1596 1277 1346 1131
394 235 1596 1277 1346 1131
395 1596 1617 1277 1346 734
396 628 821 1596 1277 1346
397 1596 630 1277 1346 1131
398 227 1596 1277 1346 450
399 422 1128 694 862 1596
400 1596 1277 1346 1131 1650
401 1596 1277 1346 1131 1650
402 1630 315 1257 1332 41
403 1596 1277 967 1346 1131
404 1140 1150 1653 1596 986
405 1596 1277 1346 1131 1650
406 65 1357 267 255 1596
407 1650 1596 1538 1044 1277
408 1596 1277 1346 1131 1650
409 1575 1572 1596 1277 1346
410 815 745 1596 1131 1633
411 1596 1277 1346 1131 1650
412 1520 1504 1522 1596 1346
413 2008 2244 1631 805 1039
414 716 1231 822 1596 1222
415 1148 1596 1277 1346 1131
416 1596 666 1277 1346 1131
417 926 1134 1596 1277 1650
418 714 1012 1131 1000 423
419 936 1320 1156 1626 1262
420 562 1596 1019 1277 1346
421 1645 1596 1277 1346 1131
422 399 1128 694 862 1596
423 1012 714 1000 363 1131
424 305 1632 1900 697 1572
425 1596 1131 1277 1346 1650
426 732 853 1185 1416 1457
427 595 1400 1453 1444 1388
428 463 1596 1277 1346 1131
429 453 1596 1277 1346 1131
430 1596 1277 1346 1650 1131
431 464 919 1596 1650 1277
432 1596 815 1277 1346 1131
433 1596 1277 1346 1131 1650
434 1199 1516 1596 907 1277
435 2450 1633 1243 194 1634
436 1346 1596 1277 1617 1085
437 1012 714 1000 1131 363
438 1131 1596 1277 739 1000
439 1596 1277 1346 1281 1131
440 1082 1596 1277 1346 1131
441 1596 1277 1346 1131 1650
442 268 1596 612 1277 1346
443 1539 1596 1345 1277 1346
444 1539 1596 1345 1277 1346
445 1596 986 1617 1346 1277
446 2113 1551 1495 1810 254
447 1634 2450 1658 1648 1633
448 1596 1277 1346 1131 1650
449 1359 187 493 1237 1479
450 1063 1041 1596 1031 1032
451 1340 1512 592 520 1596
452 578 1645 1596 1277 1346
453 429 1596 1277 1346 1131
454 1287 1596 1277 1650 1553
455 468 718 2486 1279 416
456 252 1596 1277 1346 1131
457 1418 555 1596 1277 1346
458 1636 278 2234 1029 751
459 1596 1277 1346 1131 1650
460 1596 1277 1346 1131 1650
461 1596 450 1277 986 1346
462 1251 974 1596 1219 1256
463 428 1596 1277 1346 1131
464 431 919 1596 1650 1277
465 572 776 197 249 696
466 359 274 536 287 608
467 382 1417 126 1596 1346
468 455 718 1279 2486 1596
469 946 2249 2036 354 1637
470 1540 1019 1596 1281 1277
471 1596 1346 1277 1131 1650
472 1012 363 1131 1000 751
473 1615 1596 1277 1346 1131
474 1651 1615 1596 1277 1346
475 714 1012 1131 363 1000
476 1596 1277 1346 1131 1650
477 1596 1277 1346 1131 1650
478 1596 1277 1346 1131 1650
479 1314 1185 820 1274 1473
480 1638 534 805 1039 1315
481 1274 2481 1443 1416 1381
482 1596 1412 1277 1650 1346
483 1596 1277 1346 1131 1650
484 1596 1277 1190 1346 1131
485 1596 1277 1346 1131 1650
486 1596 1346 1277 1131 1650
487 1596 1277 1346 1131 1650
488 1596 1277 975 1346 1131
489 571 576 1085 1654 1627
490 1016 529 595 1461 1092
491 1639 823 1514 2027 608
492 1131 1012 1000 1596 714
493 187 449 1359 1237 1479
494 530 708 1596 1277 1346
495 1596 834 1567 1277 1345
496 1620 522 733 563 1384
497 1596 1277 1346 1131 1650
498 1378 86 1553 974 1596
499 739 584 541 2337 1131
500 77 1370 351 1596 1277
501 283 1659 1596 1277 1346
502 1640 39 1996 1330 821
503 1520 1596 1019 1540 1617
504 1596 1277 1346 1131 1650
505 1596 1277 1346 1131 1453
506 1596 1346 1277 1131 1650
507 1000 1131 1596 1012 1277
508 1596 1277 1346 1131 1650
509 275 1596 1277 1346 1131
510 1596 1277 1650 1346 1131
511 1397 711 595 1400 427
512 1596 1277 1346 1131 1650
513 1641 559 1638 1350 741
514 551 1615 1651 1596 1277
515 1596 1277 1131 1346 1650
516 1596 1277 1346 1131 1650
517 1019 1540 1596 1467 1277
518 755 1620 496 975 522
519 1416 1596 1499 1277 1346
520 1596 1346 1277 1512 1131
521 1596 1277 1346 1131 1650
522 1620 975 1596 733 1384
523 1596 1277 1346 1131 1650
524 1642 1643 285 1010 439
525 961 1596 861 1277 1346
526 1216 1060 1596 1277 1346
527 1596 1074 1277 1346 1131
528 1596 986 1277 1346 1131
529 829 1092 1323 1461 900
530 1596 1041 1277 1346 1131
531 353 1596 1277 1346 1131
532 1596 1277 1346 1131 1650
533 1596 1277 1346 1131 1650
534 1638 1596 1605 1277 1346
535 1643 1642 899 778 2104
536 359 274 287 466 1596
537 1521 1430 1596 1277 1323
538 1070 1614 855 922 566
539 999 1596 1277 1346 1131
540 320 605 250 1596 1277
541 584 739 499 1184 2337
542 1520 1596 1504 1522 1277
543 1596 1346 1277 1281 1650
544 604 1472 1350 559 545
545 604 1350 544 559 1472
546 1644 283 501 1523 1489
547 1539 1596 1277 1346 1131
548 1189 1277 1596 1346 1131
549 1596 1277 1081 1346 1131
550 986 1231 1596 1277 1346
551 514 1615 1651 1596 1277
552 252 1596 1277 696 1346
553 1596 1277 1346 252 1131
554 1277 1596 1346 1131 1650
555 875 1081 1596 987 1238
556 1290 1355 252 1596 842
557 2213 1496 1191 857 2386
558 802 1783 1524 578 1645
559 1596 1277 1346 1650 1131
560 1596 1650 1277 1346 1131
561 1596 696 776 252 1277
562 1596 1277 1346 1131 1650
563 733 1384 1620 769 522
564 988 594 1596 933 905
565 1596 1277 1346 1131 1650
566 1070 1033 1614 855 1596
567 1596 605 1277 1650 1346
568 1596 1277 1346 1131 1650
569 1647 2018 2450 410 815
570 1596 1159 1277 1346 1131
571 576 1085 489 1596 1650
572 465 776 696 249 252
573 1596 1277 1346 1131 1650
574 1596 1277 1346 1131 1650
575 754 1006 2211 290 1596
576 571 1085 489 1596 1650
577 1596 1277 1346 1131 1650
578 452 1645 1587 1596 1260
579 1596 1277 1346 1131 1650
580 669 324 680 1648 1656
581 1596 1277 1346 1131 1650
582 1596 1277 1346 1131 1650
583 1596 1346 1277 1131 986
584 541 739 499 1184 2337
585 1596 1277 1346 1131 1636
586 1471 1596 1277 1346 630
587 793 1596 1277 1346 1131
588 773 1499 1596 793 1277
589 1596 1346 1277 1131 1650
590 1596 1277 1346 1131 1650
591 1649 2400 1601 1194 1301
592 1340 1596 1346 1277 1131
593 970 1596 1277 1346 1131
594 564 988 1596 1277 933
595 778 1453 1596 899 1397
596 1555 861 961 1596 1277
597 644 1596 1277 1346 1131
598 864 1596 1295 370 1277
599 1034 1234 1031 1032 450
600 1596 1277 1346 1131 1650
601 1596 1277 1346 1650 1131
602 112 1650 1405 1515 1610
603 1521 1294 1036 1596 1056
604 545 1350 544 559 1596
605 1596 1277 1131 1650 1346
606 1596 1433 1277 1082 1346
607 1078 1596 1277 1346 1131
608 1514 287 359 1596 1605
609 1596 1605 1346 1277 1131
610 1596 1131 1277 1346 1650
611 655 1596 1277 1346 1131
612 1596 1590 1277 1346 1131
613 247 1756 1651 1718 1615
614 1596 1277 1346 1131 1650
615 1461 1092 921 1400 1596
616 1596 1277 1044 1346 1131
617 1382 1596 1494 1277 1346
618 1596 1531 975 1277 1346
619 1650 1596 1610 1277 1515
620 839 1486 1505 1611 1596
621 1596 1106 961 1277 1346
622 638 1273 1104 1482 2480
623 1596 1277 1346 1131 1650
624 1652 2300 655 337 1978
625 1428 1596 1277 1131 1346
626 740 1615 1596 1651 1277
627 798 1453 1596 1470 1397
628 1596 1277 1346 1131 1650
629 1381 1274 1185 1443 1416
630 1596 1277 1346 1131 1650
631 1131 1012 2337 499 714
632 910 1442 1212 1061 1596
633 1596 1277 1346 1131 1650
634 1394 872 964 1596 1131
635 2345 1653 2355 321 2443
636 1596 1277 1131 1346 1650
637 1296 1596 1019 1277 1568
638 622 1273 1104 1482 2480
639 1596 1277 1466 1346 1131
640 1427 1262 1596 1320 721
641 1115 1518 2320 1596 1277
642 1596 1277 1346 1131 1650
643 1596 964 1148 961 1277
644 597 1596 1277 1346 1131
645 1346 1596 1163 1085 986
646 1654 1627 489 292 571
647 1279 1534 1346 1504 1596
648 1466 1277 1596 2484 1346
649 1596 1277 1346 1131 1650
650 1596 1277 1346 1131 1650
651 1596 1277 1346 1131 1650
652 1596 1264 1277 1346 1131
653 1596 975 1277 1346 1131
654 478 1596 1277 1346 1131
655 611 1652 1596 1395 1400
656 1596 1277 1346 1131 1650
657 1655 2484 138 499 1429
658 1596 1277 1346 1131 1650
659 1595 1082 1596 1232 244
660 1342 809 1006 1596 722
661 1596 986 975 1277 1346
662 1006 785 794 1596 1277
663 690 1596 1277 986 1346
664 707 1128 862 878 720
665 1016 772 1596 1422 1453
666 226 416 1596 1277 1346
667 1596 1277 1346 1131 1650
668 1497 143 2028 1844 2469
669 324 1648 1656 580 1622
670 1071 1476 921 899 1075
671 1596 1277 1346 1131 1650
672 974 1596 1277 1346 1131
673 259 1596 1277 1346 1131
674 564 1105 594 988 984
675 706 1128 878 862 1596
676 1596 1277 1346 1131 1650
677 1081 987 807 875 720
678 1596 1281 1277 1346 1131
679 826 827 334 1596 1277
680 1658 1648 1622 1656 1634
681 699 1104 1273 2480 2311
682 1596 1650 1277 986 1346
683 1578 1628 1484 1596 1553
684 1596 1342 1277 1131 1650
685 1596 816 1277 1346 1131
686 1442 1061 1212 812 1461
687 1400 1596 1277 1346 1131
688 709 677 1128 720 1081
689 720 1081 873 677 875
690 663 1596 1277 1346 986
691 1659 1523 359 501 1528
692 1596 1277 1346 1131 1650
693 1596 1346 1277 1131 1650
694 1596 1054 1281 1131 986
695 1596 1277 1346 1131 1650
696 1596 776 252 1277 1346
697 1596 1277 1346 1131 1650
698 1539 1345 1596 1277 1346
699 681 1104 2480 1273 2311
700 1596 331 1277 1346 1131
701 1596 1277 1346 1131 1650
702 1660 453 429 921 916
703 1596 1346 1636 1277 1131
704 1321 1342 784 1596 1390
705 1128 862 878 720 689
706 675 1128 878 862 1596
707 664 1128 862 878 720
708 494 530 1596 1277 1346
709 688 1128 720 1081 689
710 1596 1277 1346 1131 1650
711 1461 1092 1323 829 812
712 665 1596 967 1453 1277
713 1661 1406 115 2400 2182
714 1012 1000 1131 363 423
715 1432 781 1160 1596 1453
716 1596 1598 1231 1277 1346
717 1596 1277 1346 1131 1650
718 468 1279 455 1596 1346
719 744 720 1346 689 1260
720 689 1081 873 677 875
721 1427 1192 1596 640 1453
722 819 1670 1596 1342 1277
723 817 789 1006 1596 1277
724 1662 2123 2353 919 609
725 749 1596 1277 1346 1131
726 1596 975 1277 1346 1281
727 1596 1277 1346 1131 1650
728 1596 986 450 1131 1277
729 971 1044 1277 1596 1131
730 877 1596 1346 1277 1131
731 1596 1277 1346 1131 1650
732 853 1416 1596 1277 1477
733 1620 1384 563 975 1478
734 1596 1617 1346 1277 1131
735 1663 1594 100 516 2014
736 277 1596 1346 1277 1131
737 1596 1277 1346 1131 1650
738 1596 1277 1346 1131 1650
739 499 584 541 1131 2337
740 1615 626 1596 1651 1277
741 1596 1605 1277 1346 1131
742 1596 1277 1346 1131 1650
743 1486 1596 1277 1346 1131
744 719 720 689 1260 873
745 1131 1596 1000 1598 1277
746 1664 2225 1019 1189 1540
747 1596 1277 1346 1131 1650
748 1596 1277 1346 1131 1650
749 725 1596 1277 1346 1131
750 986 1277 1596 1598 1131
751 1012 1000 1131 714 1596
752 1596 1277 1346 1131 252
753 1596 1277 1466 1131 630
754 575 1006 290 2211 1596
755 1620 1596 975 252 1277
756 1596 1277 1346 1131 1650
757 1665 304 839 403 1432
758 1596 1277 1346 1131 1650
759 1400 665 1146 967 1016
760 1596 810 1346 1277 1131
761 1277 1596 1655 1466 1346
762 1596 1277 1346 1131 1650
763 1596 1277 1346 1131 1650
764 1596 1453 1016 1277 1346
765 1596 1277 1346 1131 1650
766 1596 1277 1346 1131 1650
767 1596 1277 1346 1131 1650
768 1666 769 518 496 563
769 563 496 733 1620 1384
770 1449 1596 1277 1346 1131
771 1596 1277 1346 1131 1650
772 1016 665 1422 1596 1461
773 588 1499 1596 1277 1346
774 1094 1296 1223 1596 1277
775 764 916 1596 1277 1346
776 197 696 1596 252 1277
777 975 1596 653 1608 1277
778 595 899 1453 1596 1400
779 1498 1678 458 2432 474
780 1667 1640 1174 235 1581
781 1212 1461 1323 1596 1160
782 1056 262 1036 1294 1596
783 1342 1596 1131 1277 660
784 704 1390 1342 1596 1277
785 662 1596 1277 1346 1342
786 1596 1277 1346 1131 1650
787 1596 1277 1346 1131 1650
788 1596 1277 1346 1131 986
789 817 1006 1596 1277 662
790 1596 1277 1346 1131 1650
791 957 2022 1926 1670 819
792 1165 1596 1277 1346 1131
793 1596 1277 1346 1131 1650
794 1596 662 1277 1346 1131
795 660 1596 1342 1277 1346
796 722 1342 1596 1277 1131
797 1596 1277 1346 1131 1650
798 1476 1461 829 1323 1160
799 1073 1100 1099 1596 1277
800 1596 1131 1277 1346 1650
801 830 1596 1277 1346 1131
802 1783 1524 578 452 1645
803 1596 1277 1346 1433 1131
804 800 1596 1342 1277 1131
805 1039 1631 1436 1596 1277
806 1596 1342 1277 1006 1346
807 987 1081 677 875 720
808 1596 1277 1346 1131 1650
809 660 1342 1596 1006 1277
810 1594 1596 1277 1629 1589
811 1390 1342 1596 1277 1131
812 1212 1442 1461 829 1323
813 1334 794 43 939 1414
814 1596 1131 1277 1342 1346
815 1596 1277 1346 1131 1650
816 685 1596 1277 1346 1006
817 789 1006 1596 1277 1346
818 1596 1277 1346 1131 1650
819 722 1670 1596 1006 1277
820 1596 1277 1346 1131 1650
821 628 396 1596 1277 1346
822 716 1231 1596 1346 1598
823 1596 1277 1346 1131 1650
824 2286 2226 292 1080 1020
825 1320 1156 936 1626 1596
826 827 679 1596 334 1277
827 826 679 1596 334 1277
828 1596 1376 1499 1277 1346
829 1092 1461 1323 900 1476
830 801 1596 1650 1277 1346
831 1596 1277 1346 1131 1650
832 1637 1596 820 1043 1477
833 862 1128 1596 878 1277
834 1567 1345 1596 495 1277
835 1349 1567 969 942 983
836 862 1596 1128 1277 1346
837 1596 1085 252 1277 947
838 387 1596 1346 1277 1131
839 1505 1596 1486 1277 1346
840 1596 1277 1346 1131 1650
841 859 1596 1131 1012 1277
842 1596 252 1277 1346 1131
843 1596 1231 1277 577 1346
844 1596 1277 1346 1131 1650
845 1596 1277 1346 1131 1650
846 1767 1973 1937 92 1728
847 1596 1277 1346 1650 1131
848 1596 1277 1346 1131 1650
849 1596 1277 1131 964 1346
850 1111 1596 1277 1346 1131
851 1596 1277 1131 1346 1650
852 1596 1277 1346 1131 1650
853 732 1407 1416 1298 1185
854 1010 1206 1596 1277 1346
855 1596 1614 1277 1346 1131
856 739 1131 1596 1000 584
857 219 2260 1897 2240 2237
858 1346 1596 1277 1659 1131
859 841 1596 1277 1131 1346
860 1596 1346 1277 1131 1650
861 961 1596 1106 1277 1045
862 1128 878 1596 1277 1346
863 1596 1277 1346 1131 1650
864 598 1596 1277 1346 1131
865 862 1128 1596 878 1277
866 862 1596 1128 878 1277
867 862 1128 1596 878 1277
868 946 43 1334 1637 2249
869 949 1596 1277 1346 1131
870 1596 1277 815 986 1346
871 1596 1260 720 1081 689
872 1596 1131 1277 1346 964
873 720 689 1081 1260 875
874 905 933 1596 1277 1346
875 1081 987 677 720 689
876 986 1596 1277 1346 1553
877 1433 1596 1081 1277 1260
878 1128 862 1596 1277 1346
879 253 1537 941 1318 1456
880 1596 1277 1346 1131 1650
881 1596 1277 1346 1131 1650
882 896 1596 1277 1346 1131
883 1596 1277 1346 1131 1650
884 1596 1277 1131 1346 1650
885 920 1596 986 1277 1346
886 1596 1277 1346 1131 1650
887 1596 1277 1346 1131 1650
888 1206 1143 1128 1596 862
889 892 720 689 1081 677
890 1035 1380 1158 1977 1793
891 1147 607 2285 181 1078
892 889 720 689 1081 677
893 1596 1277 1346 1131 1650
894 878 1128 1596 862 1277
895 1323 1596 921 1461 1092
896 1596 1277 1346 1131 1650
897 1596 1277 1346 1131 1650
898 1423 1596 1277 1346 1131
899 595 778 1476 1453 921
900 1461 1092 829 1323 1596
901 1279 1596 1346 1277 1009
902 1057 534 399 422 2083
903 1596 1277 1346 1131 1650
904 970 1596 1277 1346 1131
905 933 1596 1277 1128 1346
906 909 944 1337 1312 951
907 1319 1596 1009 1277 1346
908 1260 720 689 873 1596
909 951 944 906 950 1312
910 632 1442 1212 1061 2419
911 1596 1617 1277 1346 252
912 952 878 1128 1596 862
913 146 64 1438 1356 559
914 954 878 1128 862 1596
915 962 2166 1596 1277 1346
916 1596 1461 1476 1277 1346
917 953 878 1128 1596 862
918 1088 1349 1476 1430 1422
919 1596 1041 1277 1346 1131
920 1596 986 1277 450 1346
921 1476 1075 895 1422 1596
922 1070 1596 1277 1614 1346
923 1596 1277 1346 1131 1433
924 517 370 2225 1019 637
925 1596 1041 1277 1346 1131
926 1134 1596 1346 1277 1131
927 1596 1277 1346 1131 1650
928 1596 1453 1444 1277 1400
929 981 1104 1273 1596 1346
930 1042 1596 450 1041 1277
931 1596 1453 1460 1193 1427
932 530 1596 1041 1277 630
933 905 1596 1277 1346 1128
934 1598 1596 975 1525 1277
935 1533 1415 34 123 1326
936 1320 1156 1262 419 1626
937 1479 1525 1598 1304 1316
938 1596 1277 1346 1131 1650
939 1037 1596 1277 1346 1131
940 1277 1654 1596 1131 1346
941 1456 1329 1397 164 1212
942 983 1596 1277 1346 1131
943 1346 1283 1596 1032 1277
944 950 909 906 1596 951
945 949 909 869 1312 951
946 43 2249 2036 1334 1637
947 1596 1277 1346 252 1131
948 1460 1388 1453 1596 1193
949 869 951 909 1312 1337
950 944 909 951 906 949
951 909 949 906 869 944
952 912 878 1128 1596 862
953 917 878 1128 1596 862
954 914 878 1128 862 1596
955 1596 1131 1277 1346 1650
956 1596 1277 1346 1131 1650
957 791 2022 1926 819 1670
958 1596 1346 1277 1131 1650
959 1596 1277 1346 1131 1650
960 971 1015 1596 1277 1346
961 1106 1596 861 1045 1277
962 915 1596 1450 1277 1346
963 1596 1277 1131 1346 1650
964 1596 1277 1346 961 1131
965 928 1444 916 2132 1596
966 1596 1277 1346 1131 1650
967 1596 1422 1277 1016 1346
968 808 531 577 1596 1277
969 1596 1346 1277 1636 1131
970 904 1596 1277 1346 1131
971 1596 1277 1346 1131 1650
972 1596 1259 1540 1277 1346
973 1281 1596 1277 1346 1131
974 1596 1251 1277 1346 1131
975 1596 1608 1277 1346 1131
976 1596 806 1277 1346 1131
977 1051 1283 1346 54 2489
978 1193 1596 1453 1277 1427
979 855 485 993 244 346
980 1596 866 1277 1346 1131
981 929 1104 1273 1596 681
982 1279 1346 1596 1617 1277
983 942 1596 1277 1346 1131
984 1596 1277 1346 1131 1650
985 714 1012 1000 423 363
986 1596 1277 1346 1281 450
987 1081 807 677 875 720
988 564 594 1596 1277 1346
989 1596 1277 1346 1131 1650
990 2336 1130 1126 2331 1121
991 1038 1032 1034 450 1234
992 1596 1277 1346 1131 1650
993 1596 1277 1346 1131 1650
994 1596 1277 1346 1131 1650
995 1596 1277 1346 1131 1650
996 1516 1281 1596 1044 1277
997 1596 1277 1346 1131 1650
998 1596 1277 1346 1019 1131
999 1596 1277 1346 1131 1650
1000 1012 1131 1596 1277 1346
1001 635 1500 2345 2355 2414
1002 1147 891 2322 181 285
1003 322 1617 1596 1277 1346
1004 1596 1277 1346 1131 1650
1005 1596 1277 1131 1346 1650
1006 1596 1277 1346 1131 1650
1007 1386 1517 1399 1596 1277
1008 745 1596 1131 1277 1346
1009 1596 1346 1277 1255 1617
1010 854 1206 1596 1277 1346
1011 1596 1277 1346 1131 1650
1012 1000 1131 751 714 1596
1013 457 127 2041 294 1418
1014 1596 1277 1346 1131 1650
1015 971 1596 1277 1346 1131
1016 1596 665 1453 1422 1461
1017 1596 1277 1346 1131 1650
1018 681 1273 699 1104 2480
1019 1596 1540 1277 1346 1131
1020 1080 1316 1596 1598 1277
1021 1596 1277 1346 1131 1650
1022 1256 1219 1251 974 2458
1023 1596 1277 1346 1131 1650
1024 1593 466 608 294 287
1025 1596 1277 1346 1131 1650
1026 1596 1277 1346 1131 1650
1027 1032 450 1041 1234 1034
1028 1596 1277 1346 1131 1650
1029 1063 450 1041 1596 1636
1030 1596 1277 1346 1131 1650
1031 1034 450 1234 1063 1032
1032 1596 450 1346 1041 1277
1033 1050 1596 1070 1614 1277
1034 1031 450 1234 1032 1351
1035 1499 1977 773 588 1139
1036 1294 1596 1277 1346 1131
1037 939 1596 1277 1346 1131
1038 991 374 1190 1032 450
1039 805 1631 1436 1596 1277
1040 1596 1277 1346 1131 1650
1041 450 1596 1032 1063 1234
1042 450 1031 1596 1032 1041
1043 1637 1596 832 1277 1346
1044 1596 1277 1598 1346 961
1045 961 1596 1277 1346 1131
1046 74 1366 2332 1127 459
1047 1596 1277 1346 1131 1650
1048 1596 1277 1346 1131 1650
1049 1596 1617 1277 1346 1131
1050 1033 1070 566 1596 1614
1051 1283 1346 54 1279 1596
1052 1089 1596 2296 1277 1346
1053 1596 1277 1346 1131 1650
1054 694 1596 1281 1131 986
1055 1596 1277 1346 1131 1650
1056 782 1294 1036 1596 1397
1057 902 1499 1117 422 399
1058 1262 1596 1453 1277 978
1059 1596 971 1277 1346 1131
1060 1596 1277 1346 1131 1650
1061 1442 1212 812 1461 910
1062 1596 1346 1277 1131 1650
1063 450 1234 1041 1031 1032
1064 1596 1277 1346 1131 1650
1065 1596 1277 1346 1131 1650
1066 1596 1346 1277 1131 1650
1067 1596 1277 1346 1131 1655
1068 261 504 37 1328 1275
1069 1412 1596 1277 1346 1131
1070 1596 1614 1277 1346 1131
1071 1400 1453 1596 1075 1427
1072 1596 1277 1346 1131 1433
1073 1099 1100 1596 1504 1277
1074 527 1596 1277 1346 1131
1075 921 1427 1476 640 1470
1076 1131 1012 1596 1000 1277
1077 1596 1277 1346 1427 1131
1078 1596 1277 1346 1131 1650
1079 1151 1290 793 1670 1596
1080 1596 1650 1277 1346 1020
1081 987 807 677 875 720
1082 1596 1277 1346 1131 1650
1083 1596 740 1277 1346 1131
1084 1543 1410 1261 1428 1596
1085 1596 1277 1650 1346 576
1086 1596 1277 1346 1131 1650
1087 1319 1596 1346 1009 1277
1088 918 1349 1596 1453 1476
1089 1052 1596 1277 1346 1131
1090 2225 2314 1019 781 1568
1091 1596 1277 1346 1499 1131
1092 1461 1323 829 1596 900
1093 1128 1596 862 1277 1346
1094 1596 1296 774 1453 1277
1095 1128 1596 878 862 1277
1096 1128 1596 862 1277 1346
1097 1128 1596 1095 862 1277
1098 1596 1277 1346 1131 1650
1099 1100 1073 1504 1596 1277
1100 1099 1073 1504 1596 1277
1101 1514 874 2078 1639 1142
1102 1596 1277 1346 1131 1650
1103 1596 1277 1346 1131 1650
1104 1273 1596 1277 1131 1346
1105 988 564 1596 594 1277
1106 961 1596 1277 861 1045
1107 1596 1277 1346 1131 1650
1108 1596 1277 1346 1131 1650
1109 1596 1277 1346 1131 1650
1110 1596 1277 1346 1131 1650
1111 1596 1277 1346 1131 1650
1112 335 336 189 280 1821
1113 1501 1817 1435 2277 1569
1114 181 2412 1473 2349 1206
1115 641 1518 1596 1277 1346
1116 1499 1596 1277 1346 1131
1117 1596 1277 1346 1131 1650
1118 1596 1598 1277 1346 975
1119 1596 1346 1277 1049 1131
1120 855 1614 1070 1596 1616
1121 1596 1277 1650 1346 1131
1122 1596 1019 1277 1306 1540
1123 1596 1277 1346 1131 1650
1124 1596 1190 1277 1038 1346
1125 45 1338 352 997 2261
1126 1596 1277 1650 1346 1121
1127 1596 1277 1346 975 1131
1128 862 878 1596 1277 1346
1129 1596 1277 1346 1131 1650
1130 1608 975 1596 1187 1277
1131 1596 1277 1000 1012 2337
1132 1596 961 1277 1346 1131
1133 1231 822 1596 716 1277
1134 1596 1346 1277 986 1140
1135 1596 1277 1346 1131 1650
1136 392 1605 2333 2066 1128
1137 1188 1185 1477 1596 1416
1138 1596 1277 1346 1131 1650
1139 1274 1185 1137 1416 1473
1140 1150 1653 1596 986 1144
1141 1596 1277 1346 1131 1650
1142 1596 1277 1346 1131 1650
1143 1206 888 1010 1596 1128
1144 1596 1277 1140 986 1346
1145 974 1596 1277 1346 1131
1146 1422 1596 1400 1016 1277
1147 891 181 2322 1002 1473
1148 1596 1346 1277 1131 1650
1149 1400 1596 1277 1346 1131
1150 1140 1653 1596 986 1346
1151 1273 1596 1128 1277 862
1152 1596 1346 1148 1277 1131
1153 1563 1596 1277 1346 1131
1154 1285 1596 1277 1346 1131
1155 1596 1400 1453 1427 1388
1156 1320 1262 936 1626 1434
1157 1596 803 1277 1650 1346
1158 1147 2322 607 181 1117
1159 1596 1650 1277 1346 1131
1160 1476 1596 1397 1470 1323
1161 1596 1277 1346 1131 1650
1162 1382 1596 1494 1277 1346
1163 1596 1346 1277 645 1131
1164 1596 1277 1346 1131 1650
1165 792 1596 1277 1346 1131
1166 1596 1277 1346 1131 1650
1167 961 1596 1277 1346 1131
1168 1414 1596 1277 1346 1131
1169 2333 2083 2066 1128 878
1170 1596 1277 1346 1131 1650
1171 1596 1277 1346 1131 1650
1172 1617 1596 734 1520 1277
1173 1543 1261 1410 1596 1428
1174 1346 1283 1596 1051 1468
1175 1148 1596 1346 1277 1131
1176 1508 1596 1277 1346 1131
1177 1596 1277 1346 1131 1650
1178 1596 1277 1281 1346 1131
1179 1596 1277 1346 1131 1650
1180 1796 48 592 1340 451
1181 1384 1596 1277 1131 1346
1182 1596 1277 1346 1131 1650
1183 1596 1277 1346 1131 1650
1184 739 1131 499 584 1596
1185 1274 1416 1477 1596 1314
1186 1596 1277 1346 1131 1650
1187 1130 1608 975 1596 1277
1188 1137 1596 1346 1277 1131
1189 1277 1596 1466 1131 1346
1190 1596 1277 1346 1131 1650
1191 608 518 1960 1531 563
1192 1427 1596 1277 1346 1453
1193 978 1453 1596 1460 1262
1194 1596 975 1277 1346 1131
1195 1596 1277 1346 1131 1650
1196 1596 1277 1131 1346 1650
1197 1596 1277 1346 1131 1650
1198 1603 1596 1277 1346 1131
1199 1596 1277 1346 1131 1650
1200 1596 1277 1346 1131 1650
1201 1596 1277 1346 1131 1650
1202 2250 1044 2178 42 1333
1203 1596 1277 1346 1131 1650
1204 1596 1346 1277 1131 1260
1205 1596 1277 1346 1131 1650
1206 1143 1010 888 1596 1277
1207 1140 1150 1596 1653 986
1208 1596 1277 1346 1131 1650
1209 1596 1277 1346 1131 1650
1210 1596 1277 1346 1131 1650
1211 1596 1277 1346 1384 1131
1212 1397 1442 1596 1456 1277
1213 286 328 349 2380 355
1214 922 1596 538 1070 1277
1215 1245 1342 1596 1131 1277
1216 1596 1277 1346 1650 1131
1217 1596 1277 1346 1131 1650
1218 1596 1277 1346 1131 1650
1219 1256 1251 1596 2458 974
1220 1596 1277 1346 1131 703
1221 1596 1277 1346 1131 1650
1222 1596 1277 1346 1131 1650
1223 1596 1453 1277 1346 1422
1224 1503 1918 141 208 2106
1225 321 2345 1140 2355 1150
1226 1081 720 689 875 1260
1227 1596 1277 1346 1131 1650
1228 1230 1229 1610 1650 1596
1229 1230 1228 1012 1131 1596
1230 1229 1228 1012 1131 1596
1231 1596 1277 1346 1131 1650
1232 1596 1277 1346 1241 1131
1233 1596 1081 1277 1260 815
1234 450 1031 1063 1034 1032
1235 1284 1241 1596 1617 2448
1236 1606 1343 1509 1459 887
1237 1359 1479 187 1304 1525
1238 1260 1081 875 720 689
1239 1596 1277 1346 1131 1650
1240 1596 1346 1277 1131 1650
1241 1596 1277 1346 1131 1650
1242 1596 1277 1346 1131 1650
1243 1633 1596 1277 1346 1131
1244 1044 1596 1598 1277 1346
1245 1215 1342 1596 1131 1277
1246 1152 1596 1346 1148 1277
1247 2470 1529 1263 1249 2165
1248 1252 1596 1277 1346 1614
1249 1596 961 1277 1346 1131
1250 1219 1256 2458 2463 2427
1251 1219 1256 1596 974 2458
1252 1248 1596 1277 1346 1614
1253 1596 1277 1346 1131 1650
1254 1251 974 1219 1256 1596
1255 1596 1009 1346 1277 1650
1256 1219 1251 1596 974 2458
1257 1596 1277 1346 1131 1650
1258 1952 748 1576 726 1398
1259 1596 1017 1398 1277 1346
1260 1596 1238 1081 2466 1277
1261 1543 1410 1428 1596 1277
1262 1320 1156 936 1596 1434
1263 1596 1277 1346 1131 1650
1264 1596 1277 1346 1131 1650
1265 1596 1277 1346 1131 1650
1266 1596 1277 1131 1346 1650
1267 1596 1253 1277 971 1346
1268 1596 1277 1346 1131 1650
1269 1516 561 1357 1329 1570
1270 1596 1277 1346 1131 1650
1271 1596 1346 1277 971 1131
1272 1017 1596 1277 1346 1131
1273 1104 1596 1277 2480 1346
1274 1416 1185 1443 1314 1473
1275 1328 1596 37 1277 1346
1276 1596 1277 1346 1131 1650
1277 1466 1596 2484 1131 1346
1278 1596 1277 1346 1131 1650
1279 1346 1596 1283 1277 1131
1280 1864 50 1986 1987 2421
1281 1596 2487 1277 1346 1131
1282 1596 1643 1277 1346 1131
1283 1346 1596 1032 1277 1009
1284 1235 1241 1596 1131 1277
1285 1154 1596 1277 1346 1131
1286 1596 1082 1277 1346 1131
1287 454 1596 1243 1277 1346
1288 1274 1185 1416 1407 1137
1289 1596 1277 252 1346 1131
1290 1596 1277 1346 1131 1650
1291 190 1030 1640 1538 1412
1292 1596 1277 1346 1131 1650
1293 1596 1277 630 1131 1346
1294 1036 1596 1277 1346 1131
1295 1596 864 1277 1346 1131
1296 1299 1596 1346 1277 1131
1297 1348 1346 1596 1277 1131
1298 1274 1185 1457 1416 1407
1299 1296 1596 5 1346 1277
1300 1596 1486 1277 1346 1131
1301 1596 1277 1346 1131 1650
1302 2304 1097 856 739 1467
1303 1443 1274 1185 1416 1457
1304 1479 1525 1598 1316 975
1305 703 1596 630 1277 1131
1306 1596 15 1277 1346 1131
1307 1343 1459 1596 1277 1346
1308 1274 1185 1416 1381 1596
1309 1443 1457 1185 1416 1274
1310 1274 1185 1477 1473 1137
1311 864 598 370 1295 1596
1312 1596 1277 1337 1346 1131
1313 201 2471 95 244 1387
1314 1274 1185 1416 1596 1473
1315 1274 1443 1185 1416 1314
1316 1596 1598 1080 975 1277
1317 1596 1277 1346 1131 1650
1318 1470 1596 1397 1456 1422
1319 1363 1596 1277 1346 1009
1320 936 1156 1262 1596 1626
1321 1342 1596 704 1277 1346
1322 1596 1277 1346 1131 1650
1323 1461 1092 1596 829 32
1324 687 1166 2372 1401 109
1325 1596 1654 1277 1650 1346
1326 1596 1277 1131 1346 1650
1327 1080 1596 1650 1277 1131
1328 1275 1596 1277 1346 1131
1329 1456 1397 941 1212 1596
1330 1596 1277 1346 1131 1650
1331 1596 1277 1346 1131 1650
1332 1596 1277 1346 1131 1650
1333 1596 1277 1346 1650 1131
1334 1596 1637 1277 1346 1131
1335 225 1802 1851 2307 2306
1336 1721 2190 517 1375 83
1337 1312 1596 1277 1346 1131
1338 1596 1277 1346 1131 1650
1339 1596 1277 1346 1131 1650
1340 1596 1605 1346 592 1277
1341 1596 1277 1346 1131 1650
1342 1321 1596 1277 1131 50
1343 1459 1307 1596 1277 1346
1344 1596 1277 1346 1131 1650
1345 1596 53 1277 1346 1131
1346 54 1596 1277 1131 1650
1347 1553 375 1596 1277 1346
1348 1297 1346 1596 1277 1131
1349 1476 1422 1596 1453 1016
1350 604 1596 545 544 559
1351 1034 450 1031 1234 1596
1352 1140 1596 1150 986 1653
1353 1596 61 1277 1346 1131
1354 1596 1277 1346 1131 1650
1355 1596 63 1277 1346 1131
1356 1596 1277 1346 1131 1650
1357 1596 1277 1346 1131 1650
1358 1514 608 1639 1473 1474
1359 1479 1304 1237 187 1525
1360 1596 1277 1346 1131 1650
1361 1596 1277 1346 1131 1650
1362 1596 1277 1346 1131 1650
1363 1319 28 1596 1277 1346
1364 1596 1277 1346 1131 1650
1365 1596 1605 1277 1346 1131
1366 1596 1127 1277 1346 1131
1367 1596 1277 75 1346 1131
1368 1596 1277 1346 1131 1650
1369 1337 1209 906 593 44
1370 351 1596 1277 1346 1131
1371 1372 1596 1277 1346 1131
1372 1371 1596 1277 79 1346
1373 1596 1277 1346 1131 1650
1374 1596 1131 82 1277 1346
1375 1596 1277 1346 1131 1650
1376 1596 84 1277 1131 1346
1377 1596 85 1346 1277 1617
1378 1596 86 1277 1346 1131
1379 1596 1277 1346 1131 1650
1380 519 1499 1116 1078 1117
1381 1185 1274 1416 1314 1443
1382 1596 89 1277 1346 1131
1383 1396 986 1596 1277 90
1384 1620 733 563 975 1596
1385 1596 1277 1346 1131 1650
1386 1277 1596 1466 94 1131
1387 1596 1346 1277 1264 95
1388 1596 96 1453 1277 1346
1389 1596 1277 1346 1131 1650
1390 1596 98 1277 1346 1131
1391 438 1942 541 584 499
1392 1596 1277 1131 1346 1466
1393 1596 1346 100 1277 1131
1394 1596 1277 1131 101 1346
1395 1400 1596 103 1277 1453
1396 1383 986 1596 104 1277
1397 105 1596 1212 1456 1277
1398 1596 106 1277 1259 1346
1399 1386 1277 1596 107 1131
1400 1395 108 1596 1453 1277
1401 1596 1467 109 1277 1346
1402 439 374 683 1287 1038
1403 1596 1346 1277 1131 1650
1404 1431 1596 111 1277 140
1405 1610 1650 1515 1277 1466
1406 1596 1277 1346 115 1131
1407 1416 1185 1274 1443 1137
1408 1416 1274 1457 1185 1596
1409 1596 1426 1277 1466 1346
1410 1543 1261 1428 1596 1277
1411 1596 1277 120 1346 1131
1412 1596 121 1277 1069 1346
1413 440 2288 785 1082 662
1414 1596 122 1277 1346 1131
1415 1596 1277 1650 1346 1131
1416 1274 1596 1185 124 1407
1417 1596 1277 1346 1131 126
1418 1596 1238 1260 127 1277
1419 1596 961 1277 1346 1131
1420 1596 129 1277 1346 1131
1421 1596 1422 1453 1277 130
1422 131 1596 1470 1277 1453
1423 898 1596 1427 1277 1346
1424 441 2320 641 1115 1518
1425 1596 133 1277 1260 1346
1426 1277 1466 1596 134 2484
1427 1192 135 1596 1277 1453
1428 1596 137 1277 1131 1346
1429 1596 138 1277 1655 1346
1430 139 1596 1453 1277 1346
1431 1404 1596 140 1277 1346
1432 1160 1596 141 1453 1277
1433 142 1596 1277 1346 1131
1434 1262 143 1596 1156 1320
1435 442 268 2339 1817 2341
1436 1631 1596 1575 1277 144
1437 1595 1596 145 1277 1148
1438 1596 146 1650 1277 1346
1439 1596 148 1277 1346 1131
1440 149 1596 1277 1346 1131
1441 1293 630 1131 1277 1545
1442 1212 812 1061 1397 2419
1443 1274 1416 1457 1185 1314
1444 153 1596 1453 1277 1346
1445 1596 154 1277 961 1346
1446 213 1825 2042 1505 1948
1447 443 1901 698 444 547
1448 1596 155 1277 1346 1131
1449 156 1596 1277 1346 1131
1450 157 1596 1208 1277 1346
1451 1131 159 1596 1277 1346
1452 1596 160 1277 1346 1131
1453 161 1596 1277 1346 1131
1454 1596 162 1277 1346 1131
1455 1312 163 1596 1277 1346
1456 1397 941 1212 164 1329
1457 1274 1443 1185 1416 1408
1458 444 443 698 1539 547
1459 1343 166 1596 1277 1346
1460 948 167 1596 1453 1388
1461 1092 1323 829 168 1596
1462 170 1596 1277 1346 1131
1463 171 1596 1277 1346 1131
1464 1596 172 1277 1346 1422
1465 173 1596 1277 1346 1131
1466 1277 174 1596 2484 1131
1467 175 1596 1277 1346 1131
1468 176 1596 1453 1427 1277
1469 445 251 880 2084 1571
1470 177 1596 1453 1422 1277
1471 178 1596 1277 1346 1131
1472 179 1596 1277 1346 1131
1473 1274 1477 181 1185 1596
1474 182 1596 1277 1346 1131
1475 183 1596 1277 1346 1131
1476 1160 184 1596 1470 1397
1477 185 1596 1277 1346 1131
1478 186 1596 975 1277 1346
1479 1525 1598 1304 1316 187
1480 448 1622 1656 1122 1019
1481 1596 1277 1346 1131 1650
1482 1596 1273 1277 1104 1346
1483 1596 1277 1346 1131 1650
1484 1578 1628 1596 1277 1346
1485 1596 1277 1346 1131 1650
1486 1596 1277 1346 1131 1650
1487 1596 1277 1346 961 1131
1488 1596 1277 1346 1131 1650
1489 1596 1277 1650 1346 1131
1490 1596 1277 1346 1131 1650
1491 1697 2443 66 449 493
1492 1596 1277 1346 1131 1650
1493 1596 1277 1346 1131 1650
1494 1382 1596 1277 1346 1131
1495 1551 1596 1433 1277 1346
1496 1596 1277 1346 1131 1650
1497 1596 1277 1346 1131 1650
1498 1596 1636 1650 1277 1346
1499 1596 1277 1346 1131 1650
1500 1596 986 1277 1650 1346
1501 1596 1346 1277 1131 1650
1502 2269 450 2237 2240 2247
1503 1596 1346 1277 1131 1650
1504 1520 1596 1612 1277 1346
1505 1486 1596 1277 1346 1131
1506 1596 1277 1650 1346 1131
1507 1596 1277 1346 1131 1650
1508 1176 1596 1277 1346 1131
1509 1596 1277 1346 887 1433
1510 1374 1596 1277 1346 1131
1511 1596 1277 1650 1346 1131
1512 1596 1346 1568 1277 1131
1513 451 1796 48 520 1726
1514 1596 1277 1346 1131 1650
1515 1610 1650 1596 1405 1277
1516 1596 1346 1277 1131 1650
1517 1386 1399 1277 1007 1466
1518 1596 1277 1346 1131 1650
1519 1548 1596 1277 1346 1131
1520 1596 1277 1504 1346 1131
1521 1596 1277 1430 1346 1131
1522 1596 1520 1277 1346 1131
1523 1596 1659 1528 1650 1277
1524 1783 452 578 421 1645
1525 1479 1598 1316 1596 975
1526 1596 1277 1650 1346 1131
1527 1460 1453 948 1596 1277
1528 1596 1650 1277 1346 1131
1529 1596 1277 1346 1131 1650
1530 1538 1596 1277 1346 1208
1531 1596 1277 975 1346 1620
1532 986 1596 1277 1346 1131
1533 1596 1277 1131 1346 1650
1534 1596 1346 1277 1131 1650
1535 453 429 1599 1200 1660
1536 1384 1211 1596 1181 1277
1537 1596 1277 1346 1131 1650
1538 1596 1277 1346 1131 1650
1539 1596 1277 1346 1131 1650
1540 1019 1596 1277 1346 1131
1541 1430 1596 1277 1422 1346
1542 1596 1277 1346 1131 1650
1543 1596 1428 1277 1346 1261
1544 1596 1277 1346 1131 1650
1545 1596 1277 1346 1131 1650
1546 454 2494 1287 2440 1233
1547 1596 1277 1346 1131 1650
1548 1519 1596 1277 1346 1131
1549 1596 1346 1277 1131 1650
1550 1596 1277 1346 1131 1650
1551 1495 1596 1277 1433 1346
1552 1596 1277 1346 1131 1650
1553 1596 986 1277 1346 1131
1554 1596 1277 1346 1131 1650
1555 1596 1277 1131 1346 1650
1556 1596 1277 1433 1346 1131
1557 1506 202 1867 1894 602
1558 1673 1921 455 468 718
1559 1596 1131 1277 1346 1000
1560 1596 1277 1346 1650 1131
1561 1596 1277 1374 1346 1131
1562 1596 1277 1617 1346 1131
1563 1153 1596 1277 1346 1131
1564 1596 1277 1346 1131 1650
1565 1596 815 1277 1346 1131
1566 1596 1277 1346 1131 1650
1567 834 1596 1277 1345 1346
1568 1596 1277 1346 1131 1650
1569 445 1571 2250 1044 1598
1570 1596 1346 1277 1650 1131
1571 1596 1277 1346 1650 1131
1572 1575 1596 1277 1346 1131
1573 1596 1277 1346 1131 1650
1574 1596 1277 1346 1131 1650
1575 1572 1596 1277 1346 1131
1576 1596 1277 1346 1131 1650
1577 1596 1277 1346 1131 1650
1578 1628 1484 1596 1277 1346
1579 1596 1277 1346 1131 1650
1580 456 756 249 252 552
1581 1596 1650 1277 1346 1131
1582 1596 1277 1346 1131 1650
1583 1596 1277 1346 1131 1650
1584 1596 1277 1346 1131 1650
1585 1596 1277 1346 1131 1650
1586 1596 1277 1346 1131 1650
1587 1596 1277 1346 1131 1650
1588 1596 1277 1346 1131 1650
1589 1629 1596 1131 1277 1346
1590 1596 1277 1346 1131 1650
1591 457 1761 127 555 1418
1592 1596 1277 1346 1131 1650
1593 1596 1277 1346 1131 1650
1594 810 1596 1346 1277 1131
1595 1596 1277 975 1650 1346
1596 1277 1346 1131 1650 1453
1597 1596 1277 1346 1131 1650
1598 1596 745 1277 975 1346
1599 1596 1453 1277 1346 1131
1600 986 1596 1650 1277 1346
1601 1596 1277 1194 1346 1131
1602 459 368 977 908 1609
1603 1198 1596 1277 1346 1131
1604 1596 1277 1650 1346 1131
1605 1596 1277 1346 1131 1650
1606 1596 1277 1346 1131 1650
1607 1596 1277 1346 1131 1650
1608 975 1596 1277 1346 1131
1609 1596 1277 1346 1131 1650
1610 1650 1515 1405 1596 1277
1611 1486 1596 1277 1346 1131
1612 1504 1596 1277 1346 1131
1613 460 1362 815 1596 1000
1614 1596 1277 1346 1131 1650
1615 1651 1596 1277 1346 1131
1616 1596 1277 1614 1346 1131
1617 1596 1346 1277 734 1131
1618 1623 1596 1277 1346 1131
1619 1596 1277 1131 1346 1650
1620 1596 252 975 1277 1346
1621 1596 1346 1277 1131 1650
1622 1656 1658 1648 1596 1277
1623 1618 1596 1277 1346 1131
1624 461 2125 920 625 728
1625 1596 1277 1346 1131 1650
1626 1596 1262 1320 1156 936
1627 1654 1596 1650 1277 1670
1628 1578 1484 1596 1277 1650
1629 1589 1596 1131 1277 1346
1630 1596 1277 1346 1131 1650
1631 1596 1277 1346 1131 1650
1632 1596 1346 1277 1131 1650
1633 1243 1596 1277 1346 815
1634 1596 1658 1243 1277 1346
1635 462 1254 2461 1022 2427
1636 1596 1277 1346 1650 1131
1637 1043 1334 1596 1277 1346
1638 1596 1277 1346 1131 1650
1639 1596 1346 1277 1131 1650
1640 1596 1277 1346 1131 1650
1641 1596 1277 1346 1131 1650
1642 1596 1643 1277 1346 1131
1643 1596 1453 1277 1642 1346
1644 1596 1277 1346 1131 1650
1645 1596 1277 1346 1131 1650
1646 463 428 734 1596 1277
1647 1596 815 1277 1346 1131
1648 1656 1622 1658 1596 1277
1649 1596 1277 1346 1131 1650
1650 1596 1277 1346 1131 1453
1651 1615 1596 1277 1346 1131
1652 1596 1277 1346 1131 1650
1653 1596 1598 1140 986 1277
1654 1596 1627 1277 1650 1346
1655 1596 1277 1131 1346 1650
1656 1622 1648 1658 1596 1277
1657 431 464 2123 919 1662
1658 1656 1622 1596 1634 1553
1659 1596 1277 1650 1346 1131
1660 1596 1277 1346 1131 1650
1661 1596 1277 1346 975 1131
1662 1596 1277 1148 1346 1041
1663 1596 1346 1277 1131 1650
1664 1596 1277 1346 1131 1617
1665 1596 1277 1346 1131 1650
1666 1596 1277 1346 1131 1650
1667 1596 1277 1346 1131 1650
1668 1507 114 2476 276 195
1669 1776 465 1981 572 197
1670 1596 1277 1346 1131 1650
1671 1741 466 1812 359 287
1672 467 126 382 1417 376
1673 1558 1921 455 468 718
1674 470 2225 517 1540 1019
1675 471 645 219 1386 1353
1676 472 2218 631 1955 1917
1677 473 200 1488 626 1615
1678 474 1651 1615 551 514
1679 475 1917 2283 1942 2192
1680 2382 1508 1176 1101 2078
1681 476 485 1577 1538 1582
1682 477 2417 1210 1411 1183
1683 478 1859 654 508 652
1684 479 22 88 2392 7
1685 481 11 2481 23 1833
1686 482 216 259 378 673
1687 483 1174 2380 1509 1133
1688 484 241 374 2397 1190
1689 485 765 855 1575 1625
1690 486 331 1346 323 1596
1691 1435 1213 1114 1839 1509
1692 487 405 1277 1264 1596
1693 488 263 653 728 975
1694 1775 1781 489 571 576
1695 490 310 1734 529 2221
1696 492 541 584 499 1917
1697 1491 2443 66 493 2141
1698 1911 494 1735 708 530
1699 495 2038 834 1567 53
1700 496 1973 1937 769 92
1701 497 1277 1596 1466 1256
1702 2202 1510 1435 158 82
1703 498 86 1378 2351 1145
1704 1788 1746 1942 499 541
1705 500 77 1370 351 1012
1706 501 283 1659 486 1523
1707 503 1540 1520 2225 1172
1708 504 1596 1581 1328 1433
1709 505 978 1193 1614 1460
1710 506 929 2133 981 1283
1711 507 2207 363 492 714
1712 508 687 394 1401 1138
1713 1511 1735 362 2131 1749
1714 509 275 581 782 1318
1715 510 859 841 1316 492
1716 511 1915 1799 490 427
1717 512 808 726 1398 1616
1718 1756 551 514 1651 1615
1719 515 268 398 896 1503
1720 516 208 901 1204 2410
1721 517 2225 175 1019 1540
1722 518 1960 496 272 563
1723 519 124 1416 1407 731
1724 1758 1969 1291 190 2339
1725 1513 1726 2280 1512 451
1726 520 451 1512 982 908
1727 521 1330 1332 1547 982
1728 522 769 92 563 496
1729 523 1064 1027 1041 450
1730 525 2372 1166 2165 325
1731 526 2265 2422 1060 1216
1732 527 2281 1074 1264 1387
1733 528 1383 1396 1150 986
1734 2032 310 529 2298 2105
1735 530 494 2137 932 708
1736 1358 1101 1812 491 1514
1737 531 353 1596 1466 1277
1738 532 397 176 1468 1434
1739 533 732 793 590 1640
1740 534 1638 1083 459 609
1741 536 287 466 359 274
1742 537 1521 139 1430 603
1743 538 2275 2326 2127 566
1744 539 2206 999 289 588
1745 540 320 250 1809 605
1746 1788 1704 1942 541 584
1747 202 2402 602 1823 112
1748 542 838 412 863 457
1749 543 920 1281 986 728
1750 544 1808 57 604 179
1751 1808 545 604 57 1750
1752 547 444 443 698 1539
1753 548 2396 1189 729 1426
1754 549 1299 866 980 1296
1755 550 351 2438 1231 2193
1756 1718 551 514 1651 1615
1757 552 496 696 252 755
1758 2203 1516 996 1269 434
1759 553 249 1214 252 488
1760 554 2484 851 1189 729
1761 555 127 1418 2079 457
1762 556 2497 1290 63 1355
1763 559 604 545 544 57
1764 560 1645 815 1650 1659
1765 561 572 465 197 776
1766 562 420 762 1615 517
1767 1973 1937 563 92 769
1768 1798 2195 564 594 674
1769 2212 1852 1517 107 1007
1770 565 1596 1273 1277 1346
1771 566 2255 2275 2239 1050
1772 567 1020 1604 605 267
1773 568 1119 1596 1080 605
1774 570 2364 1159 1157 2363
1775 571 1781 489 576 2292
1776 572 465 1981 197 1899
1777 573 1312 1395 1470 1397
1778 574 727 790 475 1596
1779 1959 575 754 2211 290
1780 1845 2320 1424 1518 641
1781 1775 576 489 2292 571
1782 577 1596 1231 1251 1277
1783 1524 578 452 421 1645
1784 579 1049 1596 1277 1009
1785 581 275 509 1422 742
1786 582 828 1499 1091 773
1787 583 1140 321 1653 1144
1788 1746 1942 1704 541 584
1789 585 1189 1277 1636 2484
1790 586 178 1471 762 1122
1791 2080 1548 1519 308 199
1792 587 1996 793 731 588
1793 1977 588 773 828 793
1794 589 1104 1482 1414 681
1795 590 695 1327 1605 1080
1796 592 48 1340 1110 451
1797 593 2175 904 970 2108
1798 1768 2195 594 564 674
1799 1983 595 778 2104 899
1800 596 2065 1555 1167 861
1801 1849 597 644 311 726
1802 857 1707 1520 412 1748
1803 598 2068 20 1311 370
1804 599 2240 2441 2237 1034
1805 600 1053 1049 1085 1596
1806 601 1020 1316 1596 1085
1807 603 2241 2500 1521 262
1808 1751 604 57 545 1750
1809 605 540 1316 1012 1000
1810 606 1350 254 1209 604
1811 607 2285 1078 1367 75
1812 608 287 466 359 536
1813 1742 1807 1521 537 603
1814 609 662 1662 1605 636
1815 610 1005 1534 1131 1596
1816 611 655 337 1860 1652
1817 612 395 442 911 268
1818 614 963 1182 1044 270
1819 615 2126 2282 921 1075
1820 616 769 1044 600 733
1821 617 1494 89 189 1382
1822 618 661 341 1088 1526
1823 619 1515 1405 1610 1581
1824 1522 1707 244 412 2028
1825 620 2042 839 1611 1505
1826 621 525 1419 1106 2314
1827 1842 622 638 2223 1018
1828 623 847 1560 1425 1596
1829 625 137 1428 461 1277
1830 626 1943 740 1083 2289
1831 627 2001 798 511 812
1832 628 396 821 1640 793
1833 629 88 2481 152 481
1834 630 1596 1277 1346 1281
1835 469 946 192 2036 868
1836 691 1523 1945 1528 1659
1837 2115 632 910 151 1442
1838 633 662 785 800 722
1839 634 101 2076 1394 872
1840 636 716 610 1479 1525
1841 637 5 1296 1299 8
1842 1827 638 622 2223 1018
1843 639 1466 1596 727 1277
1844 640 721 1075 2469 135
1845 2320 641 1115 441 1518
1846 642 233 1199 2406 907
1847 1491 1697 80 2443 66
1848 643 964 188 365 2170
1849 1801 597 644 311 1596
1850 645 307 2369 1163 837
1851 647 2486 1279 760 982
1852 648 1517 174 2484 1466
1853 649 1596 1277 1346 1131
1854 650 653 1383 1396 1596
1855 651 1596 612 1081 1277
1856 652 1264 2471 1387 1545
1857 653 777 488 975 1608
1858 1526 1822 2144 618 940
1859 654 478 1054 751 1596
1860 655 1816 611 337 1652
1861 656 1208 219 1251 1596
1862 658 1533 1596 696 1277
1863 659 1181 244 201 1536
1864 660 2012 809 50 795
1865 661 341 618 488 975
1866 662 785 1988 794 789
1867 1894 663 690 1645 452
1868 1910 664 707 2333 1128
1869 1527 2152 167 1709 948
1870 665 2221 772 1976 1016
1871 226 666 416 218 610
1872 667 989 785 662 2196
1873 670 2276 2104 2126 2282
1874 671 1596 1379 1277 1346
1875 672 1145 974 2351 2181
1876 673 259 216 366 378
1877 674 1768 2312 1798 2195
1878 1909 706 675 2333 1128
1879 676 619 1581 488 331
1880 1528 347 691 1523 1945
1881 2194 2010 2287 2079 677
1882 678 603 1521 1281 2487
1883 2029 2030 679 826 334
1884 1903 699 681 2311 2223
1885 682 876 883 986 1625
1886 683 1628 1578 1287 1484
1887 684 814 1342 50 1390
1888 685 816 2019 796 784
1889 686 2266 151 2016 1061
1890 687 108 1400 1401 1626
1891 1247 1529 2470 1263 2455
1892 1912 688 709 677 807
1893 1923 689 720 2287 2077
1894 1867 663 690 1645 728
1895 692 944 975 1596 1194
1896 693 1346 1009 1596 1277
1897 694 1054 2260 422 399
1898 695 1137 1188 1407 1298
1899 696 197 776 572 465
1900 697 1632 1596 1277 1346
1901 698 443 444 1539 547
1902 1530 1980 157 2415 1538
1903 1884 699 681 2311 2223
1904 700 331 486 1100 1198
1905 701 1070 1596 1638 1277
1906 703 278 1305 1636 1346
1907 704 30 784 1321 50
1908 705 2333 1128 2066 871
1909 1878 706 675 2333 1128
1910 1868 707 664 2333 1128
1911 708 494 530 1316 943
1912 1892 709 688 677 807
1913 1767 302 1973 1191 1722
1914 710 1596 1277 1346 1131
1915 711 529 2298 168 812
1916 712 665 967 403 2173
1917 2218 714 2207 423 985
1918 715 141 781 1432 1984
1919 716 822 1479 331 1525
1920 717 1596 1277 1346 1131
1921 455 718 468 2486 1279
1922 1949 719 744 1051 689
1923 1893 689 720 2287 677
1924 1532 297 2193 104 90
1925 721 135 640 1427 2398
1926 722 819 2022 796 660
1927 723 789 817 2020 1993
1928 1953 725 749 1462 1596
1929 726 1194 975 1595 1281
1930 727 284 1265 639 1596
1931 728 920 1376 814 986
1932 729 205 2250 2176 1044
1933 730 877 2082 1283 1346
1934 731 773 793 1416 587
1935 935 1533 2147 2189 2167
1936 732 853 2056 426 1298
1937 733 563 92 769 272
1938 734 1617 1172 1009 1596
1939 736 277 331 1017 1596
1940 737 1596 1033 562 1277
1941 738 1479 1525 1598 1316
1942 541 584 739 499 856
1943 740 626 1083 2289 1615
1944 741 1605 1583 1596 589
1945 742 1456 1192 1397 1521
1946 193 58 1136 1704 2072
1947 1851 1534 1964 647 2003
1948 743 839 1486 620 1611
1949 1922 744 719 1923 689
1950 745 318 1598 1000 1131
1951 747 1194 1596 1277 1346
1952 748 1048 1596 1277 1346
1953 1928 749 725 1462 1596
1954 750 231 1479 986 1189
1955 751 2218 1012 714 423
1956 752 1286 330 1493 803
1957 753 1386 1466 1517 174
1958 1536 2386 2418 1863 2281
1959 754 575 2211 290 1006
1960 755 518 1620 496 563
1961 756 456 1596 1427 1192
1962 758 1596 1601 1277 1346
1963 759 665 2352 511 967
1964 760 810 1594 1534 1629
1965 761 1655 1466 1277 2484
1966 762 400 586 562 1277
1967 763 523 1348 1520 1439
1968 764 775 1193 665 1016
1969 1537 1793 1744 1977 2110
1970 765 1596 1601 1582 1277
1971 766 1596 1009 1346 1277
1972 767 1531 1277 1596 1294
1973 769 563 1937 92 1767
1974 770 156 1449 1211 1454
1975 771 1596 1277 1346 1568
1976 772 2221 1870 665 1016
1977 773 588 828 1499 731
1978 774 2300 1094 1223 2431
1979 775 764 1968 916 1094
1980 1538 1530 407 255 2220
1981 197 776 465 572 249
1982 777 653 975 2182 488
1983 778 1799 2104 595 899
1984 781 715 812 829 1432
1985 782 2262 262 1056 2241
1986 783 50 796 1342 660
1987 784 704 1907 98 783
1988 785 1866 662 806 794
1989 786 223 1596 1210 1277
1990 787 1550 268 1037 939
1991 1458 1447 1901 1752 1539
1992 788 1144 1140 1150 1653
1993 2020 789 817 723 662
1994 790 1219 1256 727 1251
1995 792 2371 1165 1596 1412
1996 793 587 773 588 731
1997 794 662 785 817 789
1998 795 660 785 784 662
1999 796 722 783 50 660
2000 797 1342 1390 1006 1277
2001 798 184 829 812 168
2002 1721 1090 1540 2225 1707
2003 799 389 2278 1073 2307
2004 800 804 662 1342 1131
2005 801 830 2033 1539 1596
2006 803 1157 1596 1433 504
2007 804 800 2004 1342 1390
2008 2244 805 1039 1631 144
2009 806 206 976 785 662
2010 2194 2287 807 1881 2079
2011 808 726 1596 1277 1433
2012 809 1864 660 50 1342
2013 1541 1742 1819 139 2407
2014 810 1594 760 964 1589
2015 811 98 783 1390 50
2016 812 151 2419 1442 686
2017 814 728 1390 1342 1259
2018 815 1596 1277 1636 1647
2019 816 685 1888 785 784
2020 1993 817 789 723 662
2021 818 1596 742 1400 1388
2022 819 1926 722 1670 660
2023 820 1637 832 479 1477
2024 1542 1676 212 103 1755
2025 821 396 1832 628 1640
2026 822 716 1133 1038 1231
2027 823 1639 1596 1277 1636
2028 825 29 2362 1320 1156
2029 2030 679 826 827 334
2030 2029 679 827 826 334
2031 828 773 588 1091 1139
2032 829 2298 529 168 32
2033 830 2005 801 571 1650
2034 831 1596 1277 1462 1346
2035 2290 119 2467 2378 1543
2036 832 354 215 1637 192
2037 833 2066 862 1128 878
2038 834 53 1567 495 1345
2039 836 2066 862 1128 677
2040 837 307 645 947 1492
2041 387 838 297 1193 1283
2042 839 620 1505 743 1611
2043 840 1340 592 48 964
2044 841 859 2063 1012 1000
2045 842 252 1620 1596 696
2046 1544 1894 663 2218 690
2047 843 1231 331 577 716
2048 844 1596 992 1277 1346
2049 845 377 1596 1277 1346
2050 847 1064 623 1596 1346
2051 848 1277 1596 1346 1131
2052 849 964 209 188 1277
2053 850 2319 1111 1184 1596
2054 851 1596 1277 1131 1346
2055 852 1596 1080 1277 1346
2056 1936 853 732 426 116
2057 435 194 336 280 324
2058 1545 1441 1856 150 652
2059 2216 854 1010 1206 2412
2060 855 1120 1070 1614 538
2061 856 541 584 739 499
2062 858 1348 1297 1659 1283
2063 2044 859 841 1596 1000
2064 860 1596 1346 1277 1131
2065 861 961 2165 325 1106
2066 862 2333 865 1128 878
2067 863 1381 542 820 1482
2068 864 1311 598 370 1295
2069 1547 1727 285 521 360
2070 865 2066 862 1128 2333
2071 866 862 1128 878 709
2072 867 862 1128 878 2333
2073 869 949 909 951 906
2074 870 1140 1150 321 1653
2075 871 689 720 873 1260
2076 872 964 634 1342 1596
2077 873 2287 689 720 875
2078 874 2109 2138 905 933
2079 875 2287 2194 677 807
2080 1791 1548 1519 308 2465
2081 876 883 1383 986 1553
2082 877 875 987 1238 1081
2083 878 2333 1128 862 894
2084 880 251 445 1596 1277
2085 881 1596 1277 1346 1131
2086 612 1590 395 1596 815
2087 882 896 972 2100 1390
2088 883 1596 986 1277 1553
2089 884 1259 1398 1245 1122
2090 885 920 2125 728 1485
2091 1549 1690 1570 1710 2248
2092 886 1319 1363 1596 1277
2093 887 1509 1596 1388 1427
2094 888 2412 2349 1143 1206
2095 2096 892 889 1425 689
2096 2095 892 889 1425 689
2097 893 1618 1623 1596 1277
2098 894 878 2083 1128 2333
2099 895 921 1075 1323 32
2100 896 882 972 1596 1342
2101 897 1562 1596 1433 1277
2102 1550 1990 787 1435 442
2103 898 132 1423 1332 1427
2104 899 778 595 921 1075
2105 900 168 2298 529 829
2106 901 2486 1279 984 1357
2107 903 1596 978 1277 974
2108 2175 904 970 593 1596
2109 2138 905 933 874 1128
2110 906 909 950 944 951
2111 907 28 1319 1363 1199
2112 908 873 689 720 744
2113 1551 1495 142 254 1433
2114 909 950 2155 951 2149
2115 910 632 151 1837 2266
2116 911 612 395 1617 1590
2117 2156 912 952 878 2083
2118 2159 914 954 2083 878
2119 2166 915 962 1289 2496
2120 916 1476 1461 895 1092
2121 2158 917 953 878 1128
2122 918 2295 1088 56 1349
2123 919 464 1531 1041 1662
2124 1552 2016 2001 328 2032
2125 920 885 728 986 1485
2126 921 1075 895 615 899
2127 922 2275 1070 538 1214
2128 923 1598 1241 1190 1596
2129 925 1041 1596 450 1032
2130 926 2340 1134 417 1346
2131 927 1654 1596 1277 1346
2132 928 965 1444 1432 1411
2133 2187 929 981 681 699
2134 930 1042 2248 1063 450
2135 1553 375 104 90 498
2136 931 1155 1193 1468 1460
2137 932 530 1581 1041 450
2138 2109 905 933 874 1128
2139 934 1479 1359 1304 1525
2140 936 29 419 2362 1320
2141 937 493 449 187 1237
2142 938 1620 1596 1608 1277
2143 939 1037 2242 1596 1277
2144 940 1220 2428 1189 729
2145 941 164 38 1456 1329
2146 1554 1846 2111 2406 233
2147 2189 942 983 1533 1655
2148 943 977 1283 1051 2489
2149 944 950 2154 909 906
2150 945 2153 2114 949 2073
2151 947 837 252 1522 1085
2152 948 167 1460 1193 1388
2153 949 951 2073 2155 945
2154 2149 950 2114 944 909
2155 951 909 2114 949 950
2156 2117 952 912 878 2083
2157 1800 1555 596 2065 178
2158 2121 917 953 878 1128
2159 2118 914 954 2083 878
2160 955 1135 1131 1596 1563
2161 956 1615 1596 252 1277
2162 958 1631 1596 1028 1346
2163 959 1596 1277 1346 1131
2164 960 2176 1015 2220 971
2165 961 1106 861 1045 325
2166 915 962 2119 1289 1450
2167 963 614 1596 1131 1277
2168 195 276 2048 2316 1491
2169 1556 240 2127 2415 74
2170 964 188 872 961 810
2171 965 2132 928 153 2120
2172 966 1596 1277 1346 1131
2173 967 759 1146 665 403
2174 969 1636 1596 1346 971
2175 2108 970 904 593 1596
2176 971 1015 960 205 729
2177 972 882 1259 896 1398
2178 1044 1015 960 729 971
2179 973 1281 2487 1596 1277
2180 1559 1917 2396 1955 2192
2181 974 1251 1219 1256 1596
2182 975 1608 272 1478 1620
2183 976 206 806 1429 1277
2184 977 2256 1051 2489 340
2185 978 1193 2399 1156 1058
2186 980 866 1596 1471 1603
2187 2133 981 929 699 681
2188 982 1279 2486 719 316
2189 2147 983 942 1533 1655
2190 984 1596 974 1277 1346
2191 1560 489 1581 623 571
2192 985 2218 2207 1917 714
2193 986 450 1596 1034 1281
2194 2287 987 807 677 1081
2195 988 594 564 674 1105
2196 989 1596 1277 1346 1131
2197 991 2243 1038 374 241
2198 992 1596 815 1277 1131
2199 993 1596 975 1277 1346
2200 994 1596 1277 1346 1131
2201 995 1596 1277 1346 1131
2202 1561 82 341 1510 1721
2203 996 1516 1044 1281 1598
2204 997 271 1338 741 1605
2205 998 517 1106 1019 1540
2206 999 1332 539 1596 1277
2207 1000 363 1012 714 423
2208 1003 322 314 1617 1596
2209 1004 1596 1617 1346 1277
2210 1005 1596 610 1131 1346
2211 1006 754 575 660 1342
2212 1007 1517 94 1386 107
2213 1562 2101 2491 388 2254
2214 1008 1087 745 1296 318
2215 1009 1255 1346 1617 1596
2216 1010 854 2059 1206 1143
2217 1011 1596 1277 1346 1131
2218 1012 714 751 363 423
2219 1014 1596 1277 1346 1131
2220 1015 2176 960 971 205
2221 1016 772 665 829 1422
2222 1017 1272 1259 1596 1277
2223 1018 699 681 2480 2311
2224 2359 1563 1153 955 2160
2225 1019 1540 517 1122 1306
2226 1020 2286 1080 1316 1479
2227 1021 673 482 1412 1596
2228 1022 2463 2427 2458 1256
2229 1023 1655 1596 1277 1346
2230 1025 1596 1277 1281 1346
2231 1026 1017 1596 1277 961
2232 1027 2238 1032 450 1234
2233 1028 256 232 1522 1596
2234 1029 1063 450 2269 1041
2235 1564 129 1420 270 811
2236 1030 1596 1198 1654 1277
2237 1031 1034 2240 1234 450
2238 1032 1027 1234 450 1034
2239 1033 1050 566 1070 2255
2240 1034 1031 2237 1351 1234
2241 2500 1036 1294 1056 782
2242 1037 939 2143 787 1605
2243 1038 374 991 2197 241
2244 1039 805 2008 1631 1436
2245 1040 1616 1596 1277 1346
2246 1565 410 1511 2018 683
2247 1041 450 1063 1234 1034
2248 1042 1031 450 1063 1034
2249 1043 354 1637 832 215
2250 1044 729 1598 1045 745
2251 1045 961 1106 861 1044
2252 1047 1140 1150 1596 1041
2253 1048 748 1596 1277 1346
2254 1049 1617 1479 1598 1525
2255 1050 2239 1033 566 538
2256 1051 340 977 316 2489
2257 1566 1860 1816 655 337
2258 2296 1052 1089 368 1596
2259 1053 1596 600 1049 1277
2260 1054 694 1629 1589 1034
2261 1055 357 1482 1596 1277
2262 262 1056 782 1036 1294
2263 1058 1262 2469 936 1434
2264 1059 971 1015 1596 1346
2265 1060 526 816 1241 1596
2266 1061 151 1442 2419 686
2267 1062 871 978 1596 1346
2268 2038 1699 1567 834 495
2269 1063 450 1234 1029 1031
2270 1064 847 523 1596 1353
2271 1065 1596 1277 1346 815
2272 1066 1596 1346 1277 1131
2273 1067 983 942 1655 1596
2274 1069 121 1412 1596 1277
2275 1070 538 922 566 1033
2276 1071 1075 921 1400 1476
2277 1072 612 1596 1433 1082
2278 1073 2306 2307 1099 1100
2279 196 288 1722 1213 1787
2280 1090 1568 1984 2225 2423
2281 1074 527 1181 1384 1536
2282 1075 921 1071 640 899
2283 1076 475 714 584 499
2284 1077 1427 1192 1596 1277
2285 1078 607 1499 1367 1596
2286 1080 1020 1327 1316 1479
2287 1081 987 807 2194 677
2288 1082 1596 1277 1346 696
2289 1083 740 626 1596 1277
2290 1084 1410 119 1261 1543
2291 1570 2265 1549 1731 526
2292 1085 576 571 1596 1650
2293 1086 1486 1596 1277 1346
2294 1087 28 1319 1363 530
2295 1088 918 1349 56 1476
2296 2258 1052 1089 368 1596
2297 1091 1139 1499 1188 773
2298 1092 529 829 168 32
2299 1093 1128 862 878 688
2300 1094 774 1223 1296 764
2301 1095 1097 1128 2333 878
2302 1571 1569 445 1549 893
2303 1096 1128 862 2333 878
2304 1097 1095 1128 862 878
2305 1098 886 1332 1596 1277
2306 2307 1099 2278 1100 1073
2307 2306 1100 1099 2278 1073
2308 1102 1471 1596 1568 1277
2309 1277 1471 1596 815 992
2310 1103 1345 1596 1539 1277
2311 1104 681 699 2480 1273
2312 1105 674 564 594 988
2313 2346 1572 409 1575 144
2314 1106 961 2165 861 1045
2315 1107 1596 1277 1346 1131
2316 1108 1277 1596 1466 1346
2317 1109 1248 855 1252 1596
2318 1110 1340 592 964 1596
2319 1111 850 1596 975 1184
2320 1115 641 1518 441 1596
2321 1116 1499 1596 1277 1346
2322 1117 1596 1277 1346 1131
2323 1118 1479 1525 1598 1316
2324 1573 1752 547 443 698
2325 1119 568 1049 1596 1346
2326 1120 538 326 855 1070
2327 1121 1126 1596 1650 1277
2328 1122 1019 1540 1306 1596
2329 1123 1596 1277 1346 1131
2330 1124 374 241 1038 1190
2331 1126 1121 1596 1650 1277
2332 1127 1366 1384 733 1478
2333 1128 878 862 707 664
2334 1129 1596 1274 1605 1277
2335 1574 1695 310 490 1983
2336 1130 1187 1608 975 1596
2337 1131 739 1012 1000 499
2338 1132 325 861 961 1596
2339 1133 822 1135 1174 1509
2340 1134 926 1140 1150 1653
2341 1135 1133 1038 1231 1596
2342 1137 2395 1188 1139 1457
2343 1138 1053 1596 1277 1346
2344 1139 2481 1137 1274 1457
2345 1140 321 1150 1653 2355
2346 1572 1575 409 2313 144
2347 1141 1493 1596 1531 1277
2348 1142 504 1148 874 1596
2349 1143 2412 1206 888 1010
2350 1144 1140 1150 1653 583
2351 1145 672 974 1378 1596
2352 1146 967 1422 759 1016
2353 1148 1175 365 1152 1596
2354 1149 1400 108 687 1086
2355 1150 321 1140 1653 2345
2356 1151 1273 1128 2480 862
2357 1576 1258 1952 1929 2253
2358 1152 1246 1148 1175 1346
2359 1153 1563 1596 1277 1281
2360 2492 1154 1285 1596 1277
2361 1155 1468 931 1193 1388
2362 1156 29 936 1320 2469
2363 1157 1159 803 454 1596
2364 1159 1157 1596 1650 1080
2365 1160 1476 1470 184 1397
2366 1161 1596 1277 1346 1131
2367 1162 1494 1382 617 89
2368 364 1577 1572 239 1582
2369 1163 645 1346 1603 1596
2370 1164 909 951 944 950
2371 1165 792 1995 1596 1277
2372 1166 1401 525 1596 1277
2373 1167 961 325 1590 1045
2374 1168 1414 122 820 1583
2375 1170 1400 1596 1277 1395
2376 1171 662 1006 1596 1342
2377 1172 1617 734 1049 1520
2378 1173 1261 2467 1410 1543
2379 380 1886 1628 1578 683
2380 1174 1051 719 1509 977
2381 1175 1148 1246 2353 1152
2382 1176 1508 1148 1596 1277
2383 1177 1596 1277 1346 1131
2384 1178 1489 1626 1578 1277
2385 1179 1596 1277 1346 1131
2386 1181 1536 1211 1384 92
2387 1182 1277 1596 1346 1131
2388 1183 319 1596 1611 1486
2389 1184 584 541 739 499
2390 1669 1981 1776 1765 197
2391 1579 1604 1636 1485 1029
2392 1185 1274 1381 1407 1457
2393 1186 1596 1277 1346 1131
2394 1187 1130 1608 2336 975
2395 1188 2342 1137 1139 1407
2396 1189 2484 1277 729 1466
2397 1190 241 1038 374 1596
2398 1192 1427 135 721 1596
2399 1193 978 2185 1460 1262
2400 1194 1601 975 726 1596
2401 1195 1596 1277 1131 1346
2402 1581 2137 1823 932 1515
2403 1196 1131 1596 1277 1346
2404 1197 1605 1596 1006 1583
2405 1198 1603 1531 1596 1277
2406 1199 907 642 1554 434
2407 1200 1596 1521 1430 1277
2408 1201 1596 975 1277 488
2409 1203 1596 1277 1346 1540
2410 1204 744 719 916 720
2411 1205 1094 764 1193 916
2412 1206 1143 2349 888 1010
2413 1582 1970 765 1611 1577
2414 1207 1140 321 1150 1653
2415 1208 1450 1596 1041 450
2416 1209 1596 815 1516 1277
2417 1210 716 822 1183 1231
2418 1211 1454 1536 1181 1384
2419 1212 1442 812 1061 1397
2420 1214 538 922 1050 1070
2421 1215 2452 1245 1342 660
2422 1216 526 1596 1650 1277
2423 1568 1598 1596 1479 1525
2424 1583 73 1944 2404 1365
2425 1217 1596 1277 1346 1131
2426 1218 1596 1277 1346 1131
2427 2463 1219 1256 2458 1251
2428 1220 940 703 1277 1596
2429 1221 1629 1596 1353 1589
2430 1222 414 1596 1044 1277
2431 1223 1094 764 1193 1468
2432 1226 689 720 875 873
2433 1227 1342 1390 1596 1259
2434 1228 2437 2436 1230 1229
2435 1584 2444 1238 750 1290
2436 1229 1228 1230 2437 2434
2437 1230 1228 1229 2436 2434
2438 1231 716 351 1596 822
2439 1232 1241 1596 1346 1277
2440 1233 1081 720 689 873
2441 1234 1031 1063 1034 450
2442 2491 1235 1284 2448 1241
2443 1237 66 493 449 187
2444 1238 875 987 1260 1081
2445 1239 1596 1277 1346 1131
2446 1585 1752 547 801 443
2447 1240 810 1594 1341 1596
2448 1241 1235 1232 1284 1596
2449 1242 1596 1277 1346 1131
2450 1243 1633 1634 1656 1596
2451 1244 1044 1598 745 961
2452 1245 1215 2421 1342 783
2453 1246 2358 1152 316 1175
2454 2459 1248 1252 1120 855
2455 1249 961 1596 1277 1555
2456 1250 2427 2463 2458 1256
2457 1586 444 53 2310 430
2458 1251 1219 1256 974 2427
2459 2454 1252 1248 1120 855
2460 1253 1596 1617 1277 1346
2461 1254 1219 1256 2458 1251
2462 1255 1009 1596 1346 1650
2463 2427 1256 1219 2458 1251
2464 1257 939 1596 1605 1277
2465 1259 1398 1017 1390 1266
2466 1260 1238 873 720 689
2467 1261 1410 1543 119 1428
2468 1587 578 329 452 1645
2469 1262 936 1156 1320 1434
2470 1263 1596 961 1277 1346
2471 1264 1387 1596 1277 1346
2472 1265 727 1266 1596 252
2473 1266 1398 1259 1390 1245
2474 1267 1253 1596 971 1568
2475 1268 1611 1486 1596 1277
2476 1270 1596 1277 1346 1131
2477 1271 314 1596 971 1346
2478 1272 1017 1259 1596 1540
2479 1588 393 121 1412 1069
2480 1273 681 699 1104 929
2481 1274 481 1443 1303 1457
2482 37 1275 1328 1596 1433
2483 1276 1596 1277 1346 1131
2484 1277 1466 174 1596 1131
2485 1278 1059 1596 1277 1575
2486 1279 1283 719 982 1346
2487 1281 1596 986 1277 1346
2488 1282 1643 1596 1397 1277
2489 1283 1051 1346 54 1279
2490 391 1589 1629 2014 2260
2491 1284 2442 1235 2448 1241
2492 2360 1285 1154 1596 1277
2493 1286 1082 1596 252 696
2494 1287 454 1243 1233 1596
2495 1288 2481 2392 1274 1298
2496 1289 962 915 1355 252
2497 1290 556 1596 1277 1346
2498 1292 309 1277 1596 1019
2499 1293 630 1277 1596 1131
2500 1294 2241 1036 1056 782
